mean: 8.600831519871722
std: 7.5848022484135535
